FileFmt      1050624           0           0
NELG         3832707        2934        2540
     3644987
     3644998
     3645004
     3645045
     3645058
     3645059
     3645061
     3645247
     3645258
     3645259
     3645260
     3645261
     3645262
     3646070
     3646073
     3646075
     3646077
     3646078
     3646079
     3646080
     3646094
     3646095
     3646096
     3646097
     3646098
     3646099
     3646100
     3646101
     3646102
     3646111
     3646125
     3646130
     3646132
     3648073
     3649295
     3649296
     3649298
     3649299
     3649318
     3649322
     3649323
     3649324
     3649325
     3649326
     3649327
     3649328
     3649329
     3649330
     3649331
     3649332
     3649333
     3649334
     3649335
     3649382
     3649383
     3649384
     3649386
     3649387
     3649388
     3649389
     3649390
     3649391
     3649392
     3649394
     3649395
     3649396
     3649397
     3649398
     3649399
     3649400
     3649401
     3649402
     3649403
     3649404
     3649405
     3649406
     3649407
     3649408
     3649409
     3649410
     3649411
     3649412
     3649413
     3649414
     3649415
     3649416
     3649417
     3649418
     3649419
     3649420
     3649426
     3649427
     3649430
     3649431
     3649432
     3649433
     3649460
     3649461
     3649465
     3649466
     3649467
     3649468
     3649469
     3649508
     3649510
     3649511
     3649512
     3649513
     3649514
     3649515
     3649519
     3649520
     3649521
     3649522
     3649523
     3649524
     3649525
     3649526
     3649527
     3649528
     3649529
     3649530
     3649531
     3649532
     3649533
     3649534
     3649535
     3649536
     3649537
     3649538
     3649540
     3649542
     3649543
     3649544
     3649781
     3662070
     3662077
     3662110
     3662122
     3662131
     3662132
     3662133
     3662134
     3662135
     3662136
     3662141
     3662185
     3662186
     3662188
     3662189
     3662190
     3662191
     3662192
     3662193
     3662194
     3662195
     3662196
     3662197
     3662198
     3662199
     3662200
     3662201
     3662202
     3662203
     3662204
     3662205
     3662206
     3662207
     3662208
     3662209
     3662211
     3662212
     3662213
     3662215
     3662217
     3662218
     3662219
     3662220
     3662223
     3662224
     3662230
     3662293
     3662294
     3662295
     3662296
     3662298
     3662299
     3662300
     3662301
     3662302
     3662303
     3662304
     3662305
     3662306
     3662307
     3662308
     3662309
     3662310
     3662311
     3662312
     3662313
     3662314
     3662315
     3662316
     3662317
     3662318
     3662319
     3662320
     3662321
     3662322
     3662323
     3662324
     3662325
     3662326
     3662327
     3662328
     3662329
     3662330
     3662331
     3662332
     3662333
     3662334
     3662335
     3662336
     3662337
     3662338
     3662339
     3662340
     3662341
     3662342
     3662343
     3662344
     3662345
     3662346
     3662347
     3662348
     3662349
     3662350
     3662351
     3662352
     3662353
     3662354
     3662355
     3662356
     3662357
     3662358
     3662359
     3662360
     3662361
     3662362
     3662363
     3662364
     3662365
     3662366
     3662367
     3662368
     3662369
     3662370
     3662371
     3662372
     3662373
     3662374
     3662375
     3662376
     3662377
     3662378
     3662379
     3662380
     3662381
     3662382
     3662383
     3662384
     3662385
     3662386
     3662387
     3662388
     3662389
     3662390
     3662391
     3662392
     3662393
     3662394
     3662395
     3662396
     3662397
     3662398
     3662399
     3662400
     3662401
     3662402
     3662403
     3662404
     3662405
     3662406
     3662407
     3662408
     3662409
     3662410
     3662411
     3662412
     3662413
     3662414
     3662415
     3662416
     3662417
     3662418
     3662419
     3662420
     3662421
     3662422
     3662423
     3662424
     3662425
     3662426
     3662427
     3662428
     3662429
     3662431
     3662490
     3662499
     3662500
     3662501
     3662502
     3662503
     3662504
     3662505
     3662506
     3662507
     3662508
     3662509
     3662510
     3662512
     3662527
     3662528
     3662529
     3662530
     3662531
     3662532
     3662533
     3662534
     3662540
     3662543
     3662544
     3662545
     3662546
     3662547
     3662548
     3662549
     3662550
     3662551
     3662552
     3662553
     3662554
     3662555
     3662556
     3662557
     3662558
     3662559
     3662560
     3662561
     3662562
     3662563
     3662564
     3662565
     3662566
     3662567
     3662568
     3662569
     3662570
     3662571
     3662572
     3662573
     3662574
     3662575
     3662576
     3662577
     3662578
     3662579
     3662580
     3662581
     3662582
     3662583
     3662584
     3662585
     3662586
     3662587
     3662588
     3662589
     3662590
     3662591
     3662592
     3662593
     3662594
     3662595
     3662596
     3662597
     3662598
     3662599
     3662600
     3662601
     3662602
     3662603
     3662604
     3662605
     3662606
     3662607
     3662608
     3662609
     3662610
     3662611
     3662612
     3662613
     3662614
     3662615
     3662616
     3662617
     3662618
     3662619
     3662620
     3662621
     3662622
     3662623
     3662624
     3662625
     3662626
     3662627
     3662628
     3662629
     3662630
     3662631
     3662632
     3662633
     3662634
     3662635
     3662636
     3662637
     3662638
     3662639
     3662640
     3662641
     3662642
     3662643
     3662644
     3662645
     3662646
     3662647
     3662648
     3662649
     3662650
     3662651
     3662652
     3662653
     3662654
     3662655
     3662656
     3662657
     3662658
     3662659
     3662660
     3662661
     3662662
     3662663
     3662664
     3662665
     3662666
     3662667
     3662668
     3662669
     3662670
     3662671
     3662672
     3662673
     3662674
     3662675
     3662676
     3662677
     3662678
     3662679
     3662681
     3662684
     3662685
     3662686
     3662687
     3662688
     3662689
     3662690
     3662691
     3662692
     3662693
     3662696
     3662697
     3662702
     3662703
     3662704
     3662705
     3662706
     3662707
     3662708
     3662709
     3662710
     3662711
     3662712
     3662713
     3662714
     3662715
     3662716
     3662717
     3662733
     3662735
     3662737
     3662738
     3662739
     3662741
     3662749
     3662838
     3662839
     3662840
     3662841
     3662842
     3662843
     3662844
     3662845
     3662846
     3662847
     3662848
     3662849
     3662850
     3662851
     3662852
     3662853
     3662854
     3662855
     3662856
     3662857
     3662858
     3662859
     3662860
     3662861
     3662862
     3662863
     3662864
     3662865
     3662866
     3662867
     3662868
     3662869
     3662870
     3662871
     3662872
     3662873
     3662874
     3663115
     3663116
     3663117
     3663118
     3663119
     3663120
     3663125
     3663126
     3663127
     3663128
     3663129
     3663130
     3663131
     3663132
     3663133
     3663134
     3663135
     3663136
     3663137
     3663138
     3663139
     3663140
     3663141
     3663142
     3663143
     3663144
     3663145
     3663146
     3663147
     3663148
     3663149
     3663150
     3663151
     3663152
     3663153
     3663154
     3663155
     3663156
     3663158
     3663159
     3663160
     3663161
     3663162
     3663165
     3664041
     3664206
     3714278
     3714306
     3714307
     3714314
     3714315
     3714318
     3714321
     3714326
     3714327
     3714541
     3714542
     3714553
     3714554
     3714557
     3714558
     3714559
     3714560
     3714577
     3714578
     3714579
     3714580
     3714593
     3714594
     3714595
     3714596
     3714597
     3714598
     3714599
     3714600
     3714601
     3714602
     3714603
     3714604
     3714605
     3714606
     3714607
     3714608
     3714609
     3714610
     3714611
     3714612
     3714613
     3714614
     3714615
     3714616
     3714617
     3714618
     3714619
     3714620
     3714621
     3714622
     3714623
     3714624
     3714625
     3714626
     3714627
     3714628
     3714629
     3714630
     3714631
     3714632
     3714633
     3714634
     3714635
     3714636
     3714637
     3714638
     3714639
     3714640
     3714641
     3714642
     3714643
     3714644
     3714645
     3714646
     3714647
     3714648
     3714649
     3714650
     3714651
     3714652
     3714653
     3714654
     3714655
     3714656
     3714657
     3714658
     3714659
     3714660
     3714661
     3714662
     3714663
     3714664
     3714665
     3714666
     3714667
     3714668
     3714669
     3714670
     3714671
     3714672
     3714673
     3714674
     3714675
     3714676
     3714677
     3714678
     3714679
     3714680
     3714681
     3714682
     3714683
     3714684
     3714685
     3714686
     3714687
     3714688
     3714689
     3714690
     3714691
     3714692
     3714693
     3714694
     3714695
     3714696
     3714697
     3714698
     3714699
     3714700
     3714701
     3714702
     3714704
     3714705
     3714706
     3714707
     3714708
     3714709
     3714710
     3714711
     3714712
     3714713
     3714715
     3714724
     3714726
     3714728
     3714729
     3714730
     3714731
     3714732
     3714733
     3714734
     3714735
     3714740
     3714861
     3714868
     3714869
     3714870
     3714872
     3714873
     3714874
     3714875
     3714876
     3714877
     3714878
     3714879
     3714880
     3714881
     3714882
     3714883
     3714884
     3714885
     3714886
     3714887
     3714888
     3714889
     3714984
     3714987
     3715039
     3715040
     3715041
     3715042
     3715043
     3715044
     3715045
     3715046
     3715047
     3715048
     3715049
     3715050
     3715051
     3715052
     3715053
     3715054
     3715055
     3715056
     3715057
     3715058
     3715059
     3715060
     3715061
     3715062
     3715063
     3715064
     3715065
     3715066
     3715067
     3715068
     3715069
     3715070
     3715071
     3715072
     3715073
     3715074
     3715075
     3715076
     3715077
     3715078
     3715084
     3715085
     3715086
     3715087
     3715088
     3715091
     3715092
     3715096
     3715097
     3715098
     3715099
     3715100
     3715101
     3715102
     3715103
     3715104
     3715105
     3715106
     3715107
     3715108
     3715109
     3715110
     3715111
     3715112
     3715113
     3715114
     3715115
     3715116
     3715117
     3715118
     3715119
     3715120
     3715121
     3715122
     3715123
     3715124
     3715125
     3715126
     3715127
     3715128
     3715129
     3715130
     3715131
     3715132
     3715133
     3715134
     3715135
     3715136
     3715137
     3715138
     3715139
     3715140
     3715141
     3715142
     3715143
     3715144
     3715145
     3715146
     3715147
     3715148
     3715149
     3715150
     3715153
     3715154
     3715159
     3715160
     3715163
     3715164
     3715165
     3715166
     3715167
     3715168
     3715169
     3715170
     3715171
     3715172
     3715173
     3715174
     3715175
     3715176
     3715177
     3715178
     3715179
     3715180
     3715181
     3715182
     3715183
     3715184
     3715185
     3715186
     3715187
     3715188
     3715189
     3715190
     3715191
     3715192
     3715193
     3715194
     3715195
     3715196
     3715197
     3715198
     3715199
     3715200
     3715201
     3715202
     3715203
     3715204
     3715205
     3715206
     3715207
     3715208
     3715209
     3715210
     3715211
     3715212
     3715213
     3715214
     3715215
     3715990
     3715991
     3715992
     3715993
     3715994
     3715995
     3715996
     3715997
     3715998
     3715999
     3716000
     3716001
     3716002
     3716003
     3716004
     3716005
     3716006
     3716007
     3716008
     3716009
     3716010
     3716011
     3716012
     3716013
     3716014
     3716015
     3716016
     3716017
     3716018
     3716019
     3716020
     3716021
     3716022
     3716023
     3716024
     3716025
     3716026
     3716027
     3716028
     3716029
     3716030
     3716031
     3716032
     3716033
     3716034
     3716035
     3716036
     3716037
     3716038
     3716039
     3716040
     3716041
     3716042
     3716043
     3716044
     3716045
     3716046
     3716047
     3716048
     3716049
     3716050
     3716051
     3716052
     3716053
     3716054
     3716055
     3716056
     3716057
     3716058
     3716059
     3716060
     3716061
     3716062
     3716063
     3716064
     3716065
     3716066
     3716067
     3716068
     3716069
     3716070
     3716071
     3716072
     3716073
     3716074
     3716075
     3716076
     3716077
     3716078
     3716079
     3716080
     3716081
     3716082
     3716083
     3716084
     3716085
     3716086
     3716087
     3716088
     3716089
     3716090
     3716091
     3716092
     3716093
     3716094
     3716095
     3716096
     3716097
     3716098
     3716099
     3716100
     3716101
     3716102
     3716103
     3716104
     3716105
     3716106
     3716107
     3716108
     3716109
     3716110
     3716111
     3716112
     3716113
     3716114
     3716115
     3716116
     3716117
     3716118
     3716119
     3716120
     3716121
     3716122
     3716123
     3716124
     3716125
     3716126
     3716127
     3716128
     3716129
     3716130
     3716131
     3716132
     3716133
     3716134
     3716135
     3716136
     3716137
     3716138
     3716139
     3716140
     3716141
     3716142
     3716143
     3716144
     3716145
     3716146
     3716147
     3716148
     3716149
     3716150
     3716151
     3716152
     3716153
     3716154
     3716155
     3716156
     3716157
     3716158
     3716159
     3716160
     3716161
     3716162
     3716163
     3716164
     3716165
     3716166
     3716167
     3716168
     3716169
     3716170
     3716171
     3716172
     3716173
     3716174
     3716175
     3716176
     3716177
     3716178
     3716179
     3716180
     3716181
     3716182
     3716183
     3716184
     3716185
     3716186
     3716187
     3716188
     3716189
     3716190
     3716191
     3716192
     3716193
     3716194
     3716195
     3716196
     3716197
     3716198
     3716199
     3716200
     3716201
     3716202
     3716203
     3716204
     3716205
     3716206
     3716207
     3716208
     3716209
     3716210
     3716211
     3716212
     3716213
     3716214
     3716215
     3716216
     3716217
     3716218
     3716219
     3716220
     3716221
     3716222
     3716223
     3716224
     3716225
     3716226
     3716227
     3716228
     3716229
     3716230
     3716231
     3716232
     3716233
     3716234
     3716235
     3716236
     3716237
     3716238
     3716239
     3716240
     3716241
     3716242
     3716243
     3716244
     3716245
     3716246
     3716247
     3716248
     3716249
     3716250
     3716251
     3716252
     3716253
     3716254
     3716255
     3716256
     3716257
     3716258
     3716259
     3716260
     3716261
     3716262
     3716263
     3716264
     3716265
     3716266
     3716267
     3716268
     3716269
     3716270
     3716271
     3716272
     3716273
     3716274
     3716275
     3716276
     3716277
     3716278
     3716279
     3716280
     3716281
     3716282
     3716283
     3716284
     3716285
     3716286
     3716287
     3716288
     3716289
     3716290
     3716291
     3716292
     3716293
     3716294
     3716295
     3716296
     3716297
     3716298
     3716299
     3716300
     3716301
     3716302
     3716303
     3716304
     3716305
     3716306
     3716307
     3716308
     3716309
     3716310
     3716311
     3716312
     3716313
     3716314
     3716315
     3716316
     3716317
     3716318
     3716319
     3716320
     3716321
     3716322
     3716323
     3716324
     3716325
     3716326
     3716327
     3716328
     3716329
     3716330
     3716331
     3716332
     3716333
     3716334
     3716335
     3716336
     3716337
     3716338
     3716339
     3716340
     3716341
     3716342
     3716343
     3716344
     3716345
     3716346
     3716347
     3716348
     3716349
     3716350
     3716351
     3716352
     3716353
     3716354
     3716355
     3716356
     3716357
     3716358
     3716359
     3716360
     3716361
     3716362
     3716363
     3716364
     3716365
     3716366
     3716367
     3716368
     3716369
     3716370
     3716371
     3716372
     3716373
     3716374
     3716375
     3716376
     3716377
     3716378
     3716379
     3716380
     3716381
     3716382
     3716383
     3716384
     3716385
     3716386
     3716387
     3716388
     3716389
     3716390
     3716391
     3716392
     3716393
     3716394
     3716395
     3716396
     3716397
     3716398
     3716399
     3716400
     3716401
     3716402
     3716403
     3716404
     3716405
     3716406
     3716407
     3716408
     3716409
     3716410
     3716411
     3716412
     3716413
     3716414
     3716415
     3716416
     3716417
     3716418
     3716419
     3716420
     3716421
     3716422
     3716423
     3716424
     3716425
     3716426
     3716427
     3716428
     3716429
     3716430
     3716431
     3716432
     3716433
     3716434
     3716435
     3716436
     3716437
     3716438
     3716439
     3716440
     3716441
     3716442
     3716443
     3716444
     3716445
     3716446
     3716447
     3716448
     3716449
     3716450
     3716451
     3716452
     3716453
     3716454
     3716455
     3716456
     3716457
     3716458
     3716459
     3716460
     3716461
     3716462
     3716463
     3716464
     3716465
     3716466
     3716467
     3716468
     3716469
     3716470
     3716471
     3716472
     3716473
     3716474
     3716475
     3716476
     3716477
     3716478
     3716479
     3716480
     3716481
     3716482
     3716483
     3716484
     3716485
     3716486
     3716487
     3716488
     3716489
     3716490
     3716491
     3716492
     3716493
     3716494
     3716495
     3716496
     3716497
     3716498
     3716499
     3716500
     3716501
     3716502
     3716503
     3716504
     3716505
     3716510
     3716511
     3716514
     3716515
     3716516
     3716517
     3716518
     3716519
     3716520
     3716521
     3716522
     3716564
     3716565
     3716566
     3716567
     3716568
     3716569
     3716570
     3716571
     3716574
     3716575
     3716576
     3716577
     3716578
     3716579
     3716580
     3716581
     3716582
     3716583
     3716585
     3716587
     3716619
     3716620
     3716624
     3716625
     3716626
     3716627
     3716628
     3716629
     3716630
     3716631
     3716632
     3716633
     3716634
     3716635
     3716636
     3716637
     3716638
     3716639
     3716640
     3716641
     3716642
     3716643
     3716644
     3716645
     3716646
     3716647
     3716648
     3716649
     3716650
     3716651
     3716652
     3716653
     3716654
     3716655
     3716656
     3716657
     3716658
     3716659
     3716660
     3716661
     3716662
     3716663
     3716664
     3716665
     3716666
     3716667
     3716668
     3716669
     3716670
     3716671
     3716672
     3716673
     3716674
     3716675
     3716676
     3716677
     3716678
     3716679
     3716680
     3716681
     3716682
     3716683
     3716684
     3716685
     3716686
     3716687
     3716688
     3716689
     3716690
     3716691
     3716692
     3716693
     3716694
     3716695
     3716696
     3716697
     3716698
     3716699
     3716700
     3716701
     3716702
     3716703
     3716704
     3716705
     3716706
     3716707
     3716708
     3716709
     3716710
     3716711
     3716712
     3716713
     3716714
     3716715
     3716716
     3716717
     3716718
     3716719
     3716720
     3716721
     3716722
     3716723
     3716724
     3716725
     3716727
     3716728
     3716729
     3716730
     3716731
     3716732
     3716733
     3716734
     3716735
     3716736
     3716737
     3716738
     3716739
     3716741
     3716742
     3716749
     3716751
     3716753
     3716754
     3716755
     3716756
     3716757
     3716759
     3716760
     3716761
     3716820
     3716870
     3716887
     3716890
     3716891
     3716893
     3716908
     3716928
     3716940
     3716949
     3716950
     3716951
     3716952
     3716953
     3716954
     3716955
     3716956
     3716957
     3716958
     3716959
     3716960
     3716961
     3716962
     3716963
     3716964
     3716965
     3716966
     3716967
     3716968
     3716969
     3716970
     3716971
     3716973
     3716979
     3716980
     3716981
     3716982
     3716983
     3716984
     3716987
     3716991
     3716992
     3716993
     3716995
     3716996
     3716997
     3716998
     3716999
     3717000
     3717005
     3717006
     3717152
     3717153
     3717156
     3717157
     3717158
     3717159
     3717162
     3717163
     3717168
     3717169
     3717170
     3717171
     3717172
     3717173
     3717174
     3717175
     3717176
     3717177
     3717178
     3717179
     3717180
     3717181
     3717182
     3717183
     3717184
     3717185
     3717186
     3717187
     3717188
     3717189
     3717190
     3717191
     3717192
     3717193
     3717194
     3717195
     3717196
     3717197
     3717198
     3717199
     3717200
     3717201
     3717202
     3717203
     3717204
     3717205
     3717206
     3717207
     3717208
     3717209
     3717210
     3717211
     3717212
     3717213
     3717214
     3717215
     3717216
     3717217
     3717218
     3717219
     3717220
     3717221
     3717222
     3717223
     3717224
     3717225
     3717226
     3717227
     3717228
     3717229
     3717230
     3717231
     3717232
     3717233
     3717234
     3717235
     3717236
     3717237
     3717238
     3717239
     3717240
     3717241
     3717242
     3717243
     3717244
     3717245
     3717246
     3717247
     3717248
     3717249
     3717250
     3717251
     3717252
     3717253
     3717254
     3717255
     3717256
     3717257
     3717258
     3717259
     3717260
     3717261
     3717262
     3717263
     3717264
     3717265
     3717266
     3717267
     3717268
     3717269
     3717270
     3717271
     3717272
     3717273
     3717274
     3717275
     3717276
     3717277
     3717278
     3717279
     3717280
     3717281
     3717282
     3717283
     3717284
     3717285
     3717286
     3717287
     3717288
     3717289
     3717290
     3717291
     3717292
     3717293
     3717294
     3717295
     3717296
     3717297
     3717298
     3717299
     3717300
     3717301
     3717302
     3717303
     3717304
     3717305
     3717306
     3717307
     3717308
     3717309
     3717310
     3717311
     3717312
     3717313
     3717314
     3717315
     3717316
     3717317
     3717318
     3717319
     3717320
     3717321
     3717322
     3717323
     3717324
     3717325
     3717326
     3717327
     3717328
     3717329
     3717330
     3717331
     3717332
     3717333
     3717334
     3717335
     3717336
     3717337
     3717338
     3717339
     3717340
     3717341
     3717342
     3717343
     3717344
     3717345
     3717346
     3717347
     3717348
     3717349
     3717350
     3717351
     3717352
     3717353
     3717354
     3717355
     3717356
     3717357
     3717358
     3717359
     3717360
     3717361
     3717362
     3717363
     3717364
     3717365
     3717366
     3717367
     3717368
     3717369
     3717370
     3717371
     3717374
     3717375
     3717376
     3717390
     3717391
     3717402
     3717403
     3717404
     3717405
     3717406
     3717407
     3717408
     3717409
     3717410
     3717411
     3717412
     3717413
     3717414
     3717415
     3717416
     3717417
     3717418
     3717419
     3717420
     3717421
     3717422
     3717423
     3717424
     3717425
     3717426
     3717427
     3717428
     3717429
     3717430
     3717431
     3717432
     3717433
     3717434
     3717442
     3717443
     3717444
     3717445
     3717446
     3717447
     3718033
     3718034
     3718035
     3718036
     3718037
     3718038
     3718039
     3718040
     3718041
     3718042
     3718043
     3718044
     3718045
     3718046
     3718047
     3718048
     3718049
     3718050
     3718051
     3718052
     3718053
     3718054
     3718055
     3718056
     3718057
     3718058
     3718059
     3718060
     3718061
     3718062
     3718063
     3718064
     3718065
     3718066
     3718067
     3718068
     3718069
     3718070
     3718071
     3718072
     3718073
     3718074
     3718075
     3718076
     3718077
     3718078
     3718079
     3718080
     3718081
     3718082
     3718083
     3718084
     3718085
     3718086
     3718087
     3718088
     3718089
     3718090
     3718091
     3718092
     3718093
     3718094
     3718095
     3718096
     3718097
     3718098
     3718099
     3718100
     3718101
     3718102
     3718103
     3718104
     3718105
     3718106
     3718107
     3718108
     3718109
     3718110
     3718111
     3718112
     3718113
     3718114
     3718115
     3718116
     3718117
     3718118
     3718119
     3718120
     3718121
     3718122
     3718123
     3718124
     3718125
     3718126
     3718127
     3718128
     3718129
     3718130
     3718131
     3718132
     3718133
     3718134
     3718135
     3718136
     3718137
     3718138
     3718139
     3718140
     3718141
     3718142
     3718143
     3718144
     3718145
     3718146
     3718147
     3718148
     3718149
     3718150
     3718151
     3718152
     3718153
     3718154
     3718155
     3718156
     3718157
     3718158
     3718159
     3718160
     3718161
     3718162
     3718163
     3718164
     3718165
     3718166
     3718167
     3718168
     3718169
     3718170
     3718171
     3718172
     3718173
     3718174
     3718175
     3718176
     3718177
     3718178
     3718179
     3718180
     3718181
     3718182
     3718183
     3718184
     3718185
     3718186
     3718187
     3718188
     3718189
     3718190
     3718191
     3718192
     3718193
     3718194
     3718195
     3718196
     3718197
     3718198
     3718199
     3718200
     3718201
     3718202
     3718203
     3718204
     3718205
     3718206
     3718207
     3718208
     3718209
     3718210
     3718211
     3718212
     3718213
     3718214
     3718215
     3718216
     3718217
     3718218
     3718219
     3718220
     3718221
     3718222
     3718223
     3718224
     3718225
     3718226
     3718227
     3718228
     3718229
     3718230
     3718231
     3718232
     3718233
     3718234
     3718235
     3718236
     3718237
     3718238
     3718239
     3718240
     3718241
     3718242
     3718243
     3718244
     3718245
     3718246
     3718247
     3718248
     3718249
     3718250
     3718251
     3718252
     3718253
     3718254
     3718255
     3718256
     3718257
     3718258
     3718259
     3718260
     3718261
     3718262
     3718263
     3718264
     3718265
     3718266
     3718267
     3718268
     3718269
     3718270
     3718271
     3718272
     3718273
     3718274
     3718275
     3718276
     3718277
     3718278
     3718279
     3718280
     3718281
     3718282
     3718283
     3718284
     3718285
     3718286
     3718287
     3718288
     3718289
     3718290
     3718291
     3718292
     3718293
     3718294
     3718295
     3718296
     3718297
     3718298
     3718299
     3718300
     3718301
     3718302
     3718303
     3718304
     3718305
     3718306
     3718307
     3718308
     3718309
     3718310
     3718311
     3718312
     3718313
     3718314
     3718315
     3718316
     3718317
     3718318
     3718319
     3718320
     3718321
     3718322
     3718323
     3718324
     3718325
     3718326
     3718327
     3718328
     3718329
     3718330
     3718331
     3718332
     3718333
     3718334
     3718335
     3718336
     3718337
     3718338
     3718339
     3718340
     3718341
     3718342
     3718343
     3718344
     3718345
     3718346
     3718347
     3718348
     3718349
     3718350
     3718351
     3718352
     3718353
     3718354
     3718355
     3718356
     3718357
     3718358
     3718359
     3718360
     3718361
     3718362
     3718363
     3718364
     3718365
     3718366
     3718367
     3718368
     3718369
     3718370
     3718371
     3718372
     3718373
     3718374
     3718375
     3718376
     3718377
     3718378
     3718379
     3718380
     3718381
     3718382
     3718383
     3718384
     3718385
     3718386
     3718387
     3718388
     3718389
     3718390
     3718391
     3718392
     3718393
     3718394
     3718395
     3718396
     3718397
     3718398
     3718399
     3718400
     3718401
     3718402
     3718403
     3718404
     3718405
     3718406
     3718407
     3718408
     3718409
     3718410
     3718411
     3718412
     3718413
     3718414
     3718415
     3718416
     3718417
     3718418
     3718419
     3718420
     3718421
     3718422
     3718423
     3718424
     3718425
     3718426
     3718427
     3718428
     3718429
     3718430
     3718431
     3718432
     3718433
     3718434
     3718435
     3718436
     3718437
     3718438
     3718439
     3718440
     3718441
     3718442
     3718443
     3718444
     3718445
     3718446
     3718447
     3718448
     3718449
     3718450
     3718451
     3718452
     3718453
     3718454
     3718455
     3718456
     3718457
     3718458
     3718459
     3718460
     3718461
     3718463
     3718464
     3718465
     3718466
     3718467
     3718468
     3718469
     3718470
     3718471
     3718472
     3718473
     3718474
     3718475
     3718476
     3718477
     3718478
     3718479
     3718480
     3718481
     3718482
     3718483
     3718484
     3718485
     3718486
     3718487
     3718488
     3718489
     3718490
     3718491
     3718492
     3718493
     3718494
     3718495
     3718496
     3718497
     3718498
     3718499
     3718500
     3718501
     3718502
     3718503
     3718504
     3718505
     3718506
     3718507
     3718508
     3718509
     3718510
     3718511
     3718512
     3718513
     3718514
     3718515
     3718516
     3718517
     3718518
     3718519
     3718520
     3718521
     3718522
     3718523
     3718524
     3718525
     3718526
     3718527
     3718528
     3718529
     3718530
     3718531
     3718532
     3718533
     3718534
     3718535
     3718536
     3718537
     3718538
     3718539
     3718540
     3718541
     3718542
     3718543
     3718544
     3718545
     3718546
     3718547
     3718548
     3718549
     3718550
     3718551
     3718552
     3718553
     3718554
     3718555
     3718556
     3718557
     3718558
     3718559
     3718560
     3718561
     3718562
     3718563
     3718564
     3718565
     3718566
     3718567
     3718568
     3718569
     3718570
     3718571
     3718572
     3718573
     3718574
     3718575
     3718576
     3718577
     3718578
     3718579
     3718580
     3718581
     3718582
     3718583
     3718584
     3718585
     3718586
     3718587
     3718588
     3718589
     3718590
     3718591
     3718592
     3718593
     3718594
     3718595
     3718596
     3718597
     3718598
     3718599
     3718600
     3718601
     3718602
     3718603
     3718604
     3718605
     3718606
     3718607
     3718608
     3718609
     3718610
     3718611
     3718612
     3718613
     3718614
     3718615
     3718616
     3718617
     3718618
     3718619
     3718621
     3718622
     3718623
     3718624
     3718625
     3718626
     3718627
     3718628
     3718629
     3718630
     3718631
     3718632
     3718633
     3718634
     3718635
     3718636
     3718637
     3718638
     3718639
     3718640
     3718641
     3718642
     3718643
     3718644
     3718645
     3718646
     3718647
     3718648
     3718649
     3718650
     3718651
     3718652
     3718653
     3718654
     3718655
     3718656
     3718657
     3718658
NNODG        1936243        1624        1446
     1339290
     1346995
     1346996
     1346997
     1346998
     1346999
     1354476
     1354477
     1354478
     1354479
     1354480
     1354481
     1361777
     1361778
     1361779
     1361780
     1361781
     1361782
     1361783
     1361784
     1361785
     1368945
     1368946
     1368947
     1368948
     1368949
     1368950
     1368951
     1368952
     1368953
     1368954
     1368955
     1368956
     1368957
     1368958
     1375967
     1375968
     1375969
     1375970
     1375971
     1375972
     1375973
     1375974
     1375975
     1375976
     1375977
     1375978
     1375979
     1375980
     1375981
     1375982
     1375983
     1375984
     1375985
     1375986
     1382857
     1382858
     1382859
     1382860
     1382861
     1382862
     1382863
     1382864
     1382865
     1382866
     1382867
     1382868
     1382869
     1382870
     1382871
     1382872
     1382873
     1382874
     1382875
     1382876
     1389622
     1389623
     1389624
     1389625
     1389626
     1389627
     1389628
     1389629
     1389630
     1389631
     1389632
     1389633
     1389634
     1389635
     1389636
     1389637
     1389638
     1389639
     1389640
     1389641
     1389642
     1396210
     1396211
     1396212
     1396213
     1396214
     1396215
     1396216
     1396217
     1396218
     1396219
     1396220
     1396221
     1396222
     1396223
     1396224
     1396225
     1396226
     1396227
     1396228
     1396229
     1396230
     1396231
     1396232
     1396233
     1396234
     1396235
     1396236
     1402652
     1402653
     1402654
     1402655
     1402656
     1402657
     1402658
     1402659
     1402660
     1402661
     1402662
     1402663
     1402664
     1402665
     1402666
     1402667
     1402668
     1402669
     1402670
     1402671
     1402672
     1402673
     1402674
     1402675
     1402676
     1402677
     1402678
     1408975
     1408976
     1408977
     1408978
     1408979
     1408980
     1408981
     1408982
     1408983
     1408984
     1408985
     1408986
     1408987
     1408988
     1408989
     1408990
     1408991
     1408992
     1408993
     1408994
     1408995
     1408996
     1408997
     1408998
     1408999
     1409000
     1415209
     1415210
     1415211
     1415212
     1415213
     1415214
     1415215
     1415216
     1415217
     1415218
     1415219
     1415220
     1415221
     1415222
     1415223
     1415224
     1415225
     1415226
     1415227
     1415228
     1415229
     1415230
     1415231
     1415232
     1415233
     1415234
     1415235
     1421331
     1421332
     1421333
     1421334
     1421335
     1421336
     1421337
     1421338
     1421339
     1421340
     1421341
     1421342
     1421343
     1421344
     1421345
     1421346
     1421347
     1421348
     1421349
     1421350
     1421351
     1421352
     1421353
     1421354
     1421355
     1421356
     1427290
     1427291
     1427292
     1427293
     1427294
     1427295
     1427296
     1427297
     1427298
     1427299
     1427300
     1427301
     1427302
     1427303
     1427304
     1427305
     1427306
     1427307
     1427308
     1427309
     1427310
     1427311
     1427312
     1427313
     1427314
     1433139
     1433140
     1433141
     1433142
     1433143
     1433144
     1433145
     1433146
     1433147
     1433148
     1433149
     1433150
     1433151
     1433152
     1433153
     1433154
     1433155
     1433156
     1433157
     1433158
     1433159
     1433160
     1433161
     1433162
     1433163
     1433164
     1433165
     1433166
     1433167
     1433168
     1438905
     1438906
     1438907
     1438908
     1438909
     1438910
     1438911
     1438912
     1438913
     1438914
     1438915
     1438916
     1438917
     1438918
     1438919
     1438920
     1438921
     1438922
     1438923
     1438924
     1438925
     1438926
     1438927
     1438928
     1438929
     1438930
     1438931
     1438932
     1438933
     1438934
     1438935
     1438936
     1438937
     1438938
     1438939
     1438940
    -1444660
     1444661
     1444662
     1444663
     1444664
     1444665
     1444666
     1444667
     1444668
     1444669
     1444670
     1444671
     1444672
     1444673
     1444674
     1444675
     1444676
     1444677
     1444678
     1444679
     1444680
     1444681
     1444682
     1444683
     1444684
     1444685
     1444686
     1444687
     1444688
     1444689
     1444690
     1444691
     1444692
     1444693
     1444694
     1444695
     1444696
     1444697
     1444698
     1444699
     1444700
     1444701
     1444702
     1444703
     1444704
     1444705
     1444706
     1444707
     1444708
     1444709
     1444710
     1444711
     1444712
     1444713
     1444714
    -1450417
     1450418
     1450419
     1450420
     1450421
     1450422
     1450423
     1450424
     1450425
     1450426
     1450427
     1450428
     1450429
     1450430
     1450431
     1450432
     1450433
     1450434
     1450435
     1450436
     1450437
     1450438
     1450439
     1450440
     1450441
     1450442
     1450443
     1450444
     1450445
     1450446
     1450447
     1450448
     1450449
     1450450
     1450451
     1450452
     1450453
     1450454
     1450455
     1450456
     1450457
     1450458
     1450459
     1450460
     1450461
     1450462
     1450463
     1450464
     1450465
     1450466
     1450467
     1450468
     1450469
     1450470
     1450471
     1450472
     1450473
     1450474
     1450475
     1450476
     1450477
     1450478
     1450479
     1450480
     1450481
     1450482
     1450483
    -1456127
     1456128
     1456129
     1456130
     1456131
     1456132
     1456133
     1456134
     1456135
     1456136
     1456137
     1456138
     1456139
     1456140
     1456141
     1456142
     1456143
     1456144
     1456145
     1456146
     1456147
     1456148
     1456149
     1456150
     1456151
     1456152
     1456153
     1456154
     1456155
     1456156
     1456157
     1456158
     1456159
     1456160
     1456161
     1456162
     1456163
     1456164
     1456165
     1456166
     1456167
     1456168
     1456169
     1456170
     1456171
     1456172
     1456173
     1456174
     1456175
     1456176
     1456177
     1456178
     1456179
     1456180
     1456181
     1456182
     1456183
     1456184
     1456185
     1456186
     1456187
     1456188
     1456189
     1456190
     1456191
     1456192
     1456193
     1456194
     1456195
     1456196
    -1461760
     1461761
     1461762
     1461763
     1461764
     1461765
     1461766
     1461767
     1461768
     1461769
     1461770
     1461771
     1461772
     1461773
     1461774
     1461775
     1461776
     1461777
     1461778
     1461779
     1461780
     1461781
     1461782
     1461783
     1461784
     1461785
     1461786
     1461787
     1461788
     1461789
     1461790
     1461791
     1461792
     1461793
     1461794
     1461795
     1461796
     1461797
     1461798
     1461799
     1461800
     1461801
     1461802
     1461803
     1461804
     1461805
     1461806
     1461807
     1461808
     1461809
     1461810
     1461811
     1461812
     1461813
     1461814
     1461815
     1461816
     1461817
     1461818
     1461819
     1461820
     1461821
     1461822
    -1467283
     1467284
     1467285
     1467286
     1467287
     1467288
     1467289
     1467290
     1467291
     1467292
     1467293
     1467294
     1467295
     1467296
     1467297
     1467298
     1467299
     1467300
     1467301
     1467302
     1467303
     1467304
     1467305
     1467306
     1467307
     1467308
     1467309
     1467310
     1467311
     1467312
     1467313
     1467314
     1467315
     1467316
     1467317
     1467318
     1467319
     1467320
     1467321
     1467322
     1467323
     1467324
     1467325
     1467326
     1467327
     1467328
     1467329
     1467330
     1467331
     1467332
     1467333
     1467334
     1472702
     1472703
     1472704
    -1472802
     1472803
     1472804
     1472805
     1472806
     1472807
     1472808
     1472809
     1472810
     1472811
     1472812
     1472813
     1472814
     1472815
     1472816
     1472817
     1472818
     1472819
     1472820
     1472821
     1472822
     1472823
     1472824
     1472825
     1472826
     1472827
     1472828
     1472829
     1472830
     1472831
     1472832
     1472833
     1472834
     1472835
     1472836
     1472837
     1472838
     1472839
     1472840
     1472841
     1472842
     1472843
     1472844
     1472845
     1472846
     1472847
     1478181
     1478182
     1478183
    -1478266
     1478267
     1478268
     1478269
     1478270
     1478271
     1478272
     1478273
     1478274
     1478275
     1478276
     1478277
     1478278
     1478279
     1478280
     1478281
     1478282
     1478283
     1478284
     1478285
     1478286
     1478287
     1478288
     1478289
     1478290
     1478291
     1478292
     1478293
     1478294
     1478295
     1478296
     1478297
     1478298
     1478299
     1478300
     1478301
     1478302
     1478303
     1478304
     1483561
     1483562
     1483563
    -1483621
    -1483622
    -1483624
    -1483625
    -1483629
     1483630
     1483631
     1483632
     1483633
     1483634
     1483635
     1483636
     1483637
     1483638
     1483639
     1483640
     1483641
     1483642
     1483643
     1483644
     1483645
     1483646
     1483647
     1483648
     1483649
     1483650
     1483651
     1483652
     1483653
     1483654
     1483655
     1483656
     1483657
     1483658
     1483659
     1483660
     1483661
     1488846
     1488847
     1488848
     1488849
    -1488898
    -1488899
     1488900
     1488901
     1488903
    -1488904
    -1488907
     1488908
     1488909
     1488910
     1488911
     1488912
     1488913
     1488914
     1488915
     1488916
     1488917
     1488918
     1488919
     1488920
     1488921
     1488922
     1488923
     1488924
     1488925
     1488926
     1488927
     1488928
     1488929
     1488930
     1488931
     1488932
     1488933
     1488934
     1488935
     1488936
     1488937
     1488938
     1488939
     1488940
     1488941
     1494017
     1494018
     1494019
     1494020
     1494021
     1494022
     1494023
     1494024
     1494025
     1494026
     1494027
     1494028
     1494076
    -1494077
     1494078
     1494079
    -1494080
     1494081
    -1494082
     1494083
     1494084
     1494085
     1494086
     1494087
     1494088
     1494089
     1494090
     1494091
     1494092
     1494093
     1494094
     1494095
     1494096
     1494097
     1494098
     1494099
     1494100
     1494101
     1494102
     1494103
     1494104
     1494105
     1494106
     1494107
     1494108
     1494109
     1494110
     1494111
     1494112
     1494113
     1494114
     1494115
     1494116
     1494117
     1494118
     1494119
     1494120
     1494121
     1494122
     1494123
     1499122
     1499123
     1499124
     1499125
     1499126
     1499127
     1499128
     1499129
     1499130
     1499131
     1499132
     1499133
     1499134
     1499135
     1499136
     1499137
     1499138
     1499139
     1499140
     1499141
     1499142
     1499143
    -1499186
     1499187
     1499188
     1499189
     1499190
     1499191
     1499192
     1499193
     1499194
     1499195
     1499196
     1499197
     1499198
     1499199
     1499200
     1499201
     1499202
     1499203
     1499204
     1499205
     1499206
     1499207
     1499208
     1499209
     1499210
     1499211
     1499212
     1499213
     1499214
     1499215
     1499216
     1499217
     1499218
     1499219
     1499220
     1499221
     1499222
     1499223
     1499224
     1499225
     1499226
     1499227
     1499228
     1499229
     1499230
     1499231
     1499232
     1499233
     1499234
     1499235
     1499236
     1499237
     1499238
     1499239
     1499240
     1499241
     1504137
     1504138
     1504139
     1504140
     1504141
     1504142
     1504143
     1504144
     1504145
     1504146
     1504147
     1504148
     1504149
     1504150
     1504151
     1504152
     1504153
     1504154
     1504155
     1504156
     1504157
     1504158
     1504159
     1504160
     1504161
    -1504196
     1504197
     1504198
     1504199
     1504200
     1504201
     1504202
     1504203
     1504204
     1504205
     1504206
     1504207
     1504208
     1504209
     1504210
     1504211
     1504212
     1504213
     1504214
     1504215
     1504216
     1504217
     1504218
     1504219
     1504220
     1504221
     1504222
     1504223
     1504224
     1504225
     1504226
     1504227
     1504228
     1504229
     1504230
     1504231
     1504232
     1504233
     1504234
     1504235
     1504236
     1504237
     1504238
     1504239
     1504240
     1504241
     1509004
     1509005
     1509006
     1509007
     1509008
     1509009
     1509010
     1509011
     1509012
     1509013
     1509014
     1509015
     1509016
     1509017
     1509018
     1509019
     1509020
     1509021
     1509022
     1509023
     1509024
    -1509037
    -1509038
     1509052
     1509053
     1509054
     1509055
     1509056
     1509057
     1509058
     1509059
     1509060
     1509061
     1509062
     1509063
     1509064
     1509065
     1509066
     1509067
     1509068
     1509069
     1509070
     1509071
     1509072
     1509073
     1509074
     1509075
     1509076
     1509077
     1509078
     1509079
     1509080
     1509081
     1509082
     1509083
     1509084
     1509085
     1509086
     1509087
     1509088
     1509089
     1509090
    -1509091
     1513668
     1513669
     1513670
     1513671
     1513672
     1513673
     1513674
     1513675
     1513676
     1513677
     1513678
     1513679
     1513680
     1513681
     1513682
     1513683
     1513684
     1513685
     1513686
     1513687
     1513688
     1513689
    -1513699
     1513700
     1513712
     1513713
     1513714
     1513715
     1513716
     1513717
     1513718
     1513719
     1513720
     1513721
     1513722
     1513723
     1513724
     1513725
     1513726
     1513727
     1513728
     1513729
     1513730
     1513731
     1513732
     1513733
     1513734
     1513735
     1513736
     1513737
     1513738
     1513739
     1513740
     1513741
     1513742
     1513743
     1513744
     1513745
     1513746
     1513747
     1513748
     1513749
     1513750
     1513751
     1513752
     1513753
     1513754
     1513758
     1513759
    -1513760
     1518162
     1518163
     1518164
     1518165
     1518166
     1518167
     1518168
     1518169
     1518170
     1518171
     1518172
     1518173
     1518174
     1518175
     1518176
     1518177
     1518178
     1518179
    -1518186
     1518187
     1518197
     1518198
     1518199
     1518200
     1518201
     1518202
     1518203
     1518204
     1518205
     1518206
     1518207
     1518208
     1518209
     1518210
     1518211
     1518212
     1518213
     1518214
     1518215
     1518216
     1518217
     1518218
     1518219
     1518220
     1518221
     1518222
     1518223
     1518224
     1518225
     1518226
     1518227
     1518228
     1518229
     1518230
     1518231
     1518232
     1518238
     1518239
     1518240
     1518241
     1518242
    -1518243
     1522400
     1522401
     1522402
     1522403
     1522404
     1522405
     1522406
     1522407
     1522408
     1522409
     1522410
     1522411
     1522412
     1522413
     1522414
     1522415
     1522416
    -1522422
     1522429
     1522430
     1522431
     1522432
     1522433
     1522434
     1522435
     1522436
     1522437
     1522438
     1522439
     1522440
     1522441
     1522442
     1522443
     1522444
     1522445
     1522446
     1522447
     1522448
     1522449
     1522450
     1522451
     1522452
     1522453
     1522454
     1522455
     1522456
     1522457
     1522458
     1522469
     1522470
     1522471
     1522472
    -1522473
     1526401
     1526402
     1526403
     1526404
     1526405
     1526406
     1526407
     1526408
     1526409
     1526410
     1526411
     1526412
     1526413
     1526414
     1526415
    -1526416
     1526426
     1526427
     1526428
     1526429
     1526430
     1526431
     1526432
     1526433
     1526434
     1526435
     1526436
     1526437
     1526438
     1526439
     1526440
     1526441
     1526442
     1526443
     1526444
     1526445
     1526446
     1526447
     1526448
     1526457
     1526458
     1526459
    -1526460
     1530164
     1530165
     1530166
     1530167
     1530168
     1530169
     1530170
     1530171
     1530172
     1530173
     1530174
    -1530175
    -1530183
     1530184
     1530185
     1530186
     1530187
     1530188
     1530189
     1530190
     1530191
     1530193
     1530194
     1530195
     1530196
     1530197
     1530198
     1530199
     1530200
     1530201
     1530202
     1530203
     1530204
     1530205
     1530206
     1530207
     1530214
     1530215
    -1530216
     1533711
     1533712
     1533713
     1533714
     1533715
     1533716
     1533717
     1533718
    -1533724
     1533725
     1533726
     1533727
     1533728
     1533729
     1533730
     1533732
     1533733
     1533734
     1533735
     1533736
     1533737
     1533738
     1533739
     1533740
     1533741
     1533742
     1533743
     1533748
    -1533749
     1537012
     1537013
     1537014
     1537015
     1537016
     1537017
    -1537022
     1537023
     1537024
     1537025
     1537026
     1537027
     1537029
     1537030
     1537031
     1537032
     1537033
     1537034
     1537035
     1537036
     1537037
     1537038
     1537039
     1537040
    -1537045
     1540119
     1540120
     1540121
     1540122
    -1540126
     1540127
     1540128
     1540129
     1540131
     1540132
     1540133
     1540134
     1540135
     1540136
     1540137
     1540138
    -1540139
     1540140
     1543047
     1543048
    -1543050
     1543051
    -1543052
     1543054
     1543055
     1543056
     1543057
     1543058
     1543059
    -1543060
    -1543061
     1545842
     1545844
    -1545845
     1545847
     1545848
     1545849
     1545850
     1545851
    -1545852
     1548565
    -1548567
     1548569
     1548570
     1548571
    -1548572
    -1551244
    -1551248
    -1551249
    -1551250
NFLUXF             0
NETA             146          35           0
NSTAE            588          53           0
NSTAV              0           0           0
NSTAM              0           0           0
NSTAC              0           0           0
RES NODE        1239        1393
                   1           2           3           4           5           6
                   7           8           9          10          11          12
                  13          14          15          16          17          18
                  19          20          21          22          23          24
                  25          26          27          28          29          30
                  31          32          33          34          35          36
                  37          38          39          40          41          42
                  43          44          45          46          47          48
                  49          50          51          52          53          54
                  55          56          57          58          59          60
                  61          62          63          64          65          66
                  67          68          69          70          71          72
                  73          74          75          76          77          78
                  79          80          81          82          83          84
                  85          86          87          88          89          90
                  91          92          93          94          95          96
                  97          98          99         100         101         102
                 103         104         105         106         107         108
                 109         110         111         112         113         114
                 115         116         117         118         119         120
                 121         122         123         124         125         126
                 127         128         129         130         131         132
                 133         134         135         136         137         138
                 139         140         141         142         143         144
                 145         146         147         148         149         150
                 151         152         153         154         155         156
                 157         158         159         160         161         162
                 163         164         165         166         167         168
                 169         170         171         172         173         174
                 175         176         177         178         179         180
                 181         182         183         184         185         186
                 187         188         189         190         191         192
                 193         194         195         196         197         198
                 199         200         201         202         203         204
                 205         206         207         208         209         210
                 211         212         213         214         215         216
                 217         218         219         220         221         222
                 223         224         225         226         227         228
                 229         230         231         232         233         234
                 235         236         237         238         239         240
                 241         242         243         244         245         246
                 247         248         249         250         251         252
                 253         254         255         256         257         258
                 259         260         261         262         263         264
                 265         266         267         268         269         270
                 271         272         273         274         275         276
                 277         278         279         280         281         282
                 283         284         285         286         287         288
                 289         290         291         292         293         294
                 295         296         297         298         299         300
                 301         302         303         304         305         306
                 307         308         309         310         311         312
                 313         314         315         316         317         318
                 319         320         322         323         324         325
                 326         327         328         329         330         331
                 332         333         334         335         336         337
                 338         339         340         341         342         343
                 344         345         346         347         348         349
                 350         351         352         353         354         355
                 356         357         358         359         360         361
                 362         363         364         365         366         367
                 368         369         370         371         372         373
                 374         375         377         378         379         380
                 381         382         383         384         385         386
                 387         388         389         390         391         392
                 393         394         395         396         397         398
                 399         400         401         402         403         404
                 405         406         407         408         409         410
                 411         412         413         414         415         416
                 417         418         419         420         421         422
                 423         424         425         426         427         428
                 429         430         431         432         433         434
                 435         436         437         438         439         440
                 441         442         444         445         446         447
                 448         449         450         451         452         453
                 454         455         456         457         458         459
                 460         461         462         463         464         465
                 466         467         468         469         470         471
                 472         473         474         475         476         477
                 478         479         480         481         482         483
                 484         485         486         487         488         489
                 490         491         492         493         494         495
                 496         497         498         499         500         501
                 502         503         504         505         506         507
                 508         509         510         511         512         514
                 515         516         517         518         519         520
                 521         522         523         524         525         526
                 527         528         529         530         531         532
                 533         534         535         536         537         538
                 539         540         541         542         543         544
                 545         546         547         548         549         550
                 551         552         553         554         555         556
                 557         558         559         560         561         562
                 563         564         565         566         567         568
                 569         570         571         572         573         574
                 575         577         578         579         580         581
                 582         583         584         585         586         587
                 588         589         590         591         592         593
                 594         595         596         597         598         599
                 600         601         602         603         604         605
                 606         607         608         609         610         611
                 612         613         614         615         616         617
                 618         619         620         621         622         623
                 624         625         626         627         628         629
                 630         632         633         634         635         636
                 637         638         639         640         641         642
                 643         644         645         646         647         648
                 649         650         651         652         653         654
                 655         656         657         658         659         660
                 661         662         663         664         665         666
                 667         668         669         670         671         672
                 673         674         675         676         677         678
                 679         681         682         683         684         685
                 686         687         688         689         690         691
                 692         693         694         695         696         697
                 698         699         700         701         702         703
                 704         705         706         707         708         709
                 710         711         712         713         714         715
                 716         717         718         719         720         721
                 727         728         729         730         731         732
                 733         734         735         736         737         738
                 739         740         741         742         743         744
                 745         746         747         748         749         750
                 751         752         753         754         755         756
                 757         758         759         760         761         762
                 765         766         767         770         771         772
                 773         774         775         776         777         778
                 779         780         781         782         783         784
                 785         786         787         788         789         790
                 791         792         793         794         795         796
                 797         798         799         800         801         802
                 803         804         805         806         807         808
                 809         810         811         812         813         814
                 815         816         818         819         821         823
                 824         825         826         827         828         829
                 830         831         832         833         834         835
                 836         837         838         839         840         841
                 842         843         844         845         846         847
                 848         849         850         851         852         853
                 854         855         856         857         858         859
                 860         861         862         863         864         865
                 866         867         868         869         870         871
                 872         873         874         875         876         877
                 878         879         880         881         882         883
                 884         885         887         888         889         890
                 891         892         893         894         895         896
                 897         898         899         900         901         902
                 903         904         905         906         907         908
                 909         910         911         912         913         914
                 915         916         917         918         919         920
                 921         922         923         924         925         926
                 927         928         929         930         931         932
                 933         934         935         936         937         938
                 939         940         941         942         943         944
                 945         946         947         948         949         950
                 951         952         953         954         955         956
                 957         958         959         960         961         962
                 963         964         965         966         968         969
                 970         971         972         973         974         975
                 976         977         978         979         980         981
                 982         983         984         985         986         987
                 988         989         990         991         992         993
                 994         995         996         997         998         999
                1000        1001        1002        1003        1004        1005
                1006        1007        1008        1009        1010        1011
                1012        1013        1014        1015        1016        1017
                1018        1019        1020        1021        1022        1023
                1024        1025        1026        1027        1028        1029
                1030        1031        1032        1033        1036        1037
                1038        1039        1040        1041        1042        1043
                1044        1045        1046        1047        1048        1049
                1050        1051        1052        1053        1054        1055
                1056        1057        1058        1059        1060        1061
                1062        1063        1064        1065        1066        1067
                1068        1069        1070        1071        1072        1073
                1074        1076        1077        1078        1079        1080
                1081        1082        1083        1084        1085        1086
                1087        1088        1089        1090        1091        1092
                1093        1094        1095        1096        1097        1099
                1100        1101        1102        1103        1104        1105
                1106        1107        1108        1109        1110        1111
                1112        1113        1114        1115        1116        1117
                1118        1119        1120        1121        1122        1123
                1124        1125        1126        1127        1128        1129
                1130        1131        1132        1133        1134        1135
                1136        1137        1138        1139        1140        1141
                1142        1143        1144        1146        1147        1148
                1149        1150        1151        1152        1153        1154
                1155        1156        1157        1158        1159        1160
                1161        1162        1163        1165        1166        1167
                1168        1169        1170        1171        1172        1173
                1174        1175        1176        1177        1178        1179
                1180        1181        1182        1183        1184        1185
                1186        1187        1188        1189        1190        1191
                1192        1193        1194        1195        1196        1197
                1198        1199        1200        1201        1202        1203
                1204        1205        1206        1208        1209        1210
                1211        1212        1213        1214        1215        1216
                1217        1218        1219        1220        1221        1222
                1223        1224        1226        1227        1228        1229
                1230        1231        1232        1233        1234        1235
                1236        1237        1238        1239        1240        1241
                1242        1243        1244        1245        1246        1247
                1248        1249        1250        1251        1252        1253
                1254        1255        1256        1257        1258        1259
                1261        1262        1263        1264        1265        1266
                1267        1268        1269        1270        1271        1272
                1273        1274        1275        1277        1278        1279
                1280        1281        1282        1283        1284        1285
                1286        1287        1288        1289        1290        1291
                1292        1293        1294        1295        1296        1297
                1298        1299        1300        1301        1302        1304
                1305        1306        1307        1308        1309        1310
                1311        1312        1313        1314        1317        1318
                1319        1320        1321        1322        1323        1324
                1325        1326        1327        1328        1329        1330
                1331        1332        1333        1334        1335        1336
                1337        1338        1339        1340        1341        1343
                1344        1345        1346        1347        1348        1349
                1350        1352        1353        1354        1355        1356
                1357        1358        1359        1360        1361        1362
                1363        1364        1365        1366        1367        1368
                1369        1370        1372        1373        1374        1375
                1376        1377        1379        1380        1381        1382
                1383        1384        1385        1386        1387        1388
                1389        1390        1391        1392        1393        1394
                1395        1397        1398        1399        1400        1402
                1403        1404        1405        1406        1407        1408
                1409        1410        1411        1412        1414        1415
                1416        1418        1420        1421        1422        1423
                1424        1425        1428        1429        1431        1432
                1433        1434        1435        1437        1439        1440
                1441
COMM PE            3
RECV PE         1241          29
                1075        1145        1164        1207        1225        1260
                1276        1303        1315        1316        1342        1351
                1371        1378        1396        1401        1413        1417
                1419        1426        1427        1430        1436        1438
                1442        1443        1444        1445        1446
RECV PE         1242          14
                 321         376         443         513         576         631
                 680         724         725         726         768         769
                 820         822
RECV PE         1244          10
                 722         723         763         764         817         886
                 967        1034        1035        1098
SEND PE         1241          30
                1074        1099        1144        1165        1206        1224
                1226        1259        1277        1302        1317        1341
                1352        1353        1370        1379        1381        1394
                1402        1404        1412        1414        1418        1425
                1429        1435        1437        1439        1440        1441
SEND PE         1242          14
                 377         444         514         577         632         681
                 727         766         767         770         821         823
                 891         893
SEND PE         1244           8
                 765         766         816         887         888         968
                1036        1099
