OceanMesh2D                                                                     
        1446
           4
 primitive_weighting_in_continuity_equation                                     
 unitless                                                                       
           1
  0.300000000E-01
 mannings_n_at_sea_floor                                                        
 unitless                                                                       
           1
  0.220000000E-01
 internal_tide_friction                                                         
 local_dir, C_it =0.21884,Nb, D250                                              
           3
  0.000000000E+00  0.000000000E+00  0.000000000E+00
 subgrid_barrier                                                                
 unitless                                                                       
           1
  0.999990000E+05
primitive_weighting_in_continuity_equation                                      
         467
   1408987    0.20000000E-01
   1415217    0.20000000E-01
   1415226    0.20000000E-01
   1450417    0.50000000E-02
   1456127    0.50000000E-02
   1456128    0.50000000E-02
   1456129    0.20000000E-01
   1456160    0.20000000E-01
   1456166    0.50000000E-02
   1456189    0.50000000E-02
   1456190    0.50000000E-02
   1461761    0.50000000E-02
   1461762    0.50000000E-02
   1461763    0.50000000E-02
   1461766    0.20000000E-01
   1461775    0.20000000E-01
   1461782    0.20000000E-01
   1461789    0.50000000E-02
   1461790    0.50000000E-02
   1461791    0.50000000E-02
   1461792    0.50000000E-02
   1461793    0.20000000E-01
   1461795    0.20000000E-01
   1461797    0.50000000E-02
   1461818    0.20000000E-01
   1461819    0.20000000E-01
   1467283    0.50000000E-02
   1467284    0.50000000E-02
   1467287    0.50000000E-02
   1467294    0.50000000E-02
   1467295    0.50000000E-02
   1467300    0.50000000E-02
   1467301    0.50000000E-02
   1467302    0.20000000E-01
   1467303    0.50000000E-02
   1467304    0.20000000E-01
   1467305    0.50000000E-02
   1467306    0.50000000E-02
   1467307    0.50000000E-02
   1467308    0.50000000E-02
   1467309    0.50000000E-02
   1467310    0.50000000E-02
   1467311    0.50000000E-02
   1467312    0.50000000E-02
   1467313    0.50000000E-02
   1467314    0.20000000E-01
   1467316    0.50000000E-02
   1467320    0.20000000E-01
   1467325    0.20000000E-01
   1472802    0.50000000E-02
   1472803    0.50000000E-02
   1472804    0.50000000E-02
   1472805    0.50000000E-02
   1472807    0.50000000E-02
   1472811    0.50000000E-02
   1472812    0.50000000E-02
   1472813    0.50000000E-02
   1472814    0.50000000E-02
   1472815    0.20000000E-01
   1472816    0.50000000E-02
   1472817    0.50000000E-02
   1472818    0.50000000E-02
   1472819    0.50000000E-02
   1472820    0.50000000E-02
   1472821    0.50000000E-02
   1472822    0.50000000E-02
   1472823    0.50000000E-02
   1472824    0.50000000E-02
   1472825    0.50000000E-02
   1472826    0.50000000E-02
   1472827    0.50000000E-02
   1472828    0.50000000E-02
   1472829    0.50000000E-02
   1472830    0.50000000E-02
   1472833    0.50000000E-02
   1472834    0.50000000E-02
   1472836    0.50000000E-02
   1478266    0.50000000E-02
   1478267    0.50000000E-02
   1478268    0.50000000E-02
   1478269    0.50000000E-02
   1478270    0.20000000E-01
   1478271    0.50000000E-02
   1478275    0.20000000E-01
   1478276    0.50000000E-02
   1478277    0.50000000E-02
   1478278    0.50000000E-02
   1478279    0.50000000E-02
   1478280    0.50000000E-02
   1478281    0.50000000E-02
   1478282    0.50000000E-02
   1478283    0.50000000E-02
   1478284    0.50000000E-02
   1478285    0.50000000E-02
   1478286    0.50000000E-02
   1478287    0.50000000E-02
   1478288    0.50000000E-02
   1478289    0.50000000E-02
   1478290    0.50000000E-02
   1478291    0.50000000E-02
   1478292    0.50000000E-02
   1478293    0.50000000E-02
   1478294    0.50000000E-02
   1483621    0.50000000E-02
   1483622    0.50000000E-02
   1483624    0.50000000E-02
   1483625    0.50000000E-02
   1483629    0.50000000E-02
   1483630    0.50000000E-02
   1483631    0.50000000E-02
   1483632    0.50000000E-02
   1483633    0.50000000E-02
   1483634    0.50000000E-02
   1483638    0.50000000E-02
   1483639    0.50000000E-02
   1483640    0.50000000E-02
   1483641    0.50000000E-02
   1483642    0.50000000E-02
   1483643    0.50000000E-02
   1483644    0.50000000E-02
   1483645    0.50000000E-02
   1483646    0.50000000E-02
   1483647    0.50000000E-02
   1483648    0.50000000E-02
   1483649    0.50000000E-02
   1483650    0.50000000E-02
   1483651    0.50000000E-02
   1488898    0.50000000E-02
   1488899    0.50000000E-02
   1488900    0.50000000E-02
   1488901    0.50000000E-02
   1488903    0.50000000E-02
   1488904    0.50000000E-02
   1488907    0.50000000E-02
   1488909    0.50000000E-02
   1488910    0.50000000E-02
   1488911    0.50000000E-02
   1488912    0.50000000E-02
   1488913    0.50000000E-02
   1488914    0.50000000E-02
   1488915    0.50000000E-02
   1488916    0.50000000E-02
   1488917    0.50000000E-02
   1488918    0.50000000E-02
   1488919    0.50000000E-02
   1488920    0.50000000E-02
   1488921    0.50000000E-02
   1488922    0.50000000E-02
   1488923    0.50000000E-02
   1488924    0.50000000E-02
   1488925    0.50000000E-02
   1488926    0.50000000E-02
   1488927    0.50000000E-02
   1488934    0.20000000E-01
   1494017    0.20000000E-01
   1494018    0.20000000E-01
   1494021    0.20000000E-01
   1494076    0.50000000E-02
   1494077    0.50000000E-02
   1494078    0.50000000E-02
   1494079    0.50000000E-02
   1494080    0.50000000E-02
   1494081    0.50000000E-02
   1494082    0.50000000E-02
   1494083    0.50000000E-02
   1494084    0.50000000E-02
   1494085    0.50000000E-02
   1494086    0.50000000E-02
   1494087    0.50000000E-02
   1494088    0.50000000E-02
   1494089    0.50000000E-02
   1494090    0.50000000E-02
   1494091    0.50000000E-02
   1494092    0.50000000E-02
   1494093    0.50000000E-02
   1494094    0.50000000E-02
   1494095    0.50000000E-02
   1494096    0.50000000E-02
   1494097    0.50000000E-02
   1494098    0.50000000E-02
   1494105    0.50000000E-02
   1499124    0.20000000E-01
   1499125    0.20000000E-01
   1499127    0.20000000E-01
   1499128    0.20000000E-01
   1499130    0.20000000E-01
   1499132    0.20000000E-01
   1499133    0.20000000E-01
   1499135    0.20000000E-01
   1499186    0.50000000E-02
   1499187    0.50000000E-02
   1499188    0.50000000E-02
   1499189    0.50000000E-02
   1499190    0.50000000E-02
   1499191    0.50000000E-02
   1499192    0.50000000E-02
   1499193    0.50000000E-02
   1499194    0.50000000E-02
   1499195    0.50000000E-02
   1499196    0.50000000E-02
   1499197    0.50000000E-02
   1499198    0.50000000E-02
   1499199    0.50000000E-02
   1499200    0.50000000E-02
   1499201    0.50000000E-02
   1499202    0.50000000E-02
   1499203    0.50000000E-02
   1499204    0.50000000E-02
   1499205    0.50000000E-02
   1499206    0.20000000E-01
   1504142    0.20000000E-01
   1504148    0.20000000E-01
   1504149    0.20000000E-01
   1504150    0.20000000E-01
   1504196    0.50000000E-02
   1504197    0.50000000E-02
   1504198    0.50000000E-02
   1504199    0.50000000E-02
   1504200    0.50000000E-02
   1504201    0.50000000E-02
   1504202    0.50000000E-02
   1504203    0.50000000E-02
   1504204    0.50000000E-02
   1504205    0.50000000E-02
   1504206    0.50000000E-02
   1504207    0.50000000E-02
   1504208    0.50000000E-02
   1504209    0.50000000E-02
   1504210    0.50000000E-02
   1504211    0.50000000E-02
   1504214    0.50000000E-02
   1504215    0.20000000E-01
   1504218    0.20000000E-01
   1509014    0.20000000E-01
   1509037    0.50000000E-02
   1509038    0.50000000E-02
   1509052    0.50000000E-02
   1509053    0.50000000E-02
   1509054    0.50000000E-02
   1509055    0.50000000E-02
   1509056    0.50000000E-02
   1509057    0.50000000E-02
   1509058    0.50000000E-02
   1509059    0.50000000E-02
   1509060    0.50000000E-02
   1509061    0.50000000E-02
   1509062    0.50000000E-02
   1509063    0.50000000E-02
   1509064    0.50000000E-02
   1509067    0.50000000E-02
   1509068    0.50000000E-02
   1509071    0.20000000E-01
   1513699    0.50000000E-02
   1513700    0.50000000E-02
   1513712    0.50000000E-02
   1513713    0.50000000E-02
   1513714    0.50000000E-02
   1513715    0.50000000E-02
   1513716    0.50000000E-02
   1513717    0.50000000E-02
   1513718    0.50000000E-02
   1513719    0.50000000E-02
   1513720    0.50000000E-02
   1513721    0.50000000E-02
   1513722    0.20000000E-01
   1513724    0.50000000E-02
   1513725    0.50000000E-02
   1513728    0.50000000E-02
   1513729    0.50000000E-02
   1513730    0.20000000E-01
   1513732    0.50000000E-02
   1513733    0.50000000E-02
   1513734    0.50000000E-02
   1513741    0.20000000E-01
   1513742    0.20000000E-01
   1513744    0.20000000E-01
   1513751    0.20000000E-01
   1518186    0.50000000E-02
   1518187    0.50000000E-02
   1518197    0.50000000E-02
   1518198    0.50000000E-02
   1518199    0.50000000E-02
   1518200    0.50000000E-02
   1518201    0.50000000E-02
   1518202    0.50000000E-02
   1518203    0.50000000E-02
   1518204    0.50000000E-02
   1518205    0.50000000E-02
   1518206    0.50000000E-02
   1518207    0.50000000E-02
   1518209    0.50000000E-02
   1518210    0.50000000E-02
   1518212    0.50000000E-02
   1518213    0.50000000E-02
   1518216    0.50000000E-02
   1518218    0.50000000E-02
   1518219    0.20000000E-01
   1518220    0.20000000E-01
   1518221    0.20000000E-01
   1518222    0.20000000E-01
   1518230    0.20000000E-01
   1522404    0.50000000E-02
   1522405    0.50000000E-02
   1522407    0.20000000E-01
   1522410    0.50000000E-02
   1522414    0.50000000E-02
   1522416    0.50000000E-02
   1522422    0.50000000E-02
   1522429    0.50000000E-02
   1522430    0.50000000E-02
   1522431    0.50000000E-02
   1522432    0.50000000E-02
   1522433    0.50000000E-02
   1522434    0.50000000E-02
   1522435    0.50000000E-02
   1522436    0.50000000E-02
   1522438    0.50000000E-02
   1522439    0.50000000E-02
   1522440    0.50000000E-02
   1522441    0.50000000E-02
   1522442    0.20000000E-01
   1522443    0.50000000E-02
   1522444    0.50000000E-02
   1522445    0.50000000E-02
   1522446    0.50000000E-02
   1522447    0.50000000E-02
   1522448    0.50000000E-02
   1522449    0.50000000E-02
   1522450    0.50000000E-02
   1522451    0.20000000E-01
   1522457    0.20000000E-01
   1526402    0.50000000E-02
   1526404    0.50000000E-02
   1526405    0.50000000E-02
   1526407    0.20000000E-01
   1526410    0.50000000E-02
   1526412    0.20000000E-01
   1526413    0.20000000E-01
   1526414    0.50000000E-02
   1526415    0.50000000E-02
   1526416    0.50000000E-02
   1526426    0.50000000E-02
   1526427    0.50000000E-02
   1526428    0.50000000E-02
   1526429    0.50000000E-02
   1526430    0.50000000E-02
   1526431    0.50000000E-02
   1526432    0.50000000E-02
   1526433    0.50000000E-02
   1526434    0.50000000E-02
   1526436    0.50000000E-02
   1526437    0.50000000E-02
   1526438    0.50000000E-02
   1526439    0.50000000E-02
   1526440    0.50000000E-02
   1526441    0.50000000E-02
   1526442    0.50000000E-02
   1526443    0.50000000E-02
   1526448    0.20000000E-01
   1530167    0.20000000E-01
   1530169    0.20000000E-01
   1530170    0.50000000E-02
   1530171    0.50000000E-02
   1530172    0.50000000E-02
   1530173    0.50000000E-02
   1530174    0.50000000E-02
   1530175    0.50000000E-02
   1530183    0.50000000E-02
   1530184    0.50000000E-02
   1530185    0.50000000E-02
   1530186    0.50000000E-02
   1530187    0.50000000E-02
   1530188    0.50000000E-02
   1530189    0.50000000E-02
   1530193    0.50000000E-02
   1530194    0.50000000E-02
   1530195    0.50000000E-02
   1530196    0.50000000E-02
   1530197    0.50000000E-02
   1530198    0.50000000E-02
   1530199    0.50000000E-02
   1530200    0.50000000E-02
   1530201    0.50000000E-02
   1530206    0.20000000E-01
   1530207    0.50000000E-02
   1533714    0.50000000E-02
   1533715    0.50000000E-02
   1533716    0.50000000E-02
   1533717    0.50000000E-02
   1533718    0.50000000E-02
   1533724    0.50000000E-02
   1533725    0.50000000E-02
   1533726    0.50000000E-02
   1533727    0.50000000E-02
   1533729    0.50000000E-02
   1533732    0.50000000E-02
   1533733    0.50000000E-02
   1533734    0.50000000E-02
   1533735    0.50000000E-02
   1533736    0.50000000E-02
   1533737    0.50000000E-02
   1533738    0.50000000E-02
   1533743    0.20000000E-01
   1537012    0.50000000E-02
   1537014    0.50000000E-02
   1537015    0.50000000E-02
   1537016    0.50000000E-02
   1537017    0.50000000E-02
   1537022    0.50000000E-02
   1537023    0.50000000E-02
   1537024    0.50000000E-02
   1537025    0.50000000E-02
   1537026    0.50000000E-02
   1537027    0.50000000E-02
   1537029    0.50000000E-02
   1537030    0.50000000E-02
   1537031    0.50000000E-02
   1537032    0.50000000E-02
   1537033    0.50000000E-02
   1537034    0.50000000E-02
   1537035    0.50000000E-02
   1537036    0.50000000E-02
   1540119    0.50000000E-02
   1540120    0.20000000E-01
   1540122    0.50000000E-02
   1540126    0.50000000E-02
   1540127    0.50000000E-02
   1540128    0.50000000E-02
   1540129    0.50000000E-02
   1540131    0.50000000E-02
   1540132    0.50000000E-02
   1540133    0.50000000E-02
   1540134    0.50000000E-02
   1540135    0.50000000E-02
   1540136    0.50000000E-02
   1540137    0.50000000E-02
   1540140    0.50000000E-02
   1543047    0.50000000E-02
   1543050    0.50000000E-02
   1543051    0.50000000E-02
   1543052    0.50000000E-02
   1543054    0.50000000E-02
   1543055    0.50000000E-02
   1543056    0.50000000E-02
   1543057    0.50000000E-02
   1543058    0.50000000E-02
   1543059    0.50000000E-02
   1543061    0.50000000E-02
   1545842    0.50000000E-02
   1545844    0.50000000E-02
   1545845    0.50000000E-02
   1545847    0.50000000E-02
   1545848    0.50000000E-02
   1545849    0.50000000E-02
   1545850    0.50000000E-02
   1545851    0.50000000E-02
   1545852    0.50000000E-02
   1548565    0.50000000E-02
   1548567    0.50000000E-02
   1548569    0.50000000E-02
   1548570    0.50000000E-02
   1548571    0.50000000E-02
   1548572    0.50000000E-02
   1551244    0.50000000E-02
   1551248    0.50000000E-02
   1551249    0.50000000E-02
   1551250    0.50000000E-02
mannings_n_at_sea_floor                                                         
           7
   1433152    0.80000000E-01
   1433158    0.80000000E-01
   1438923    0.80000000E-01
   1438926    0.80000000E-01
   1444688    0.80000000E-01
   1444692    0.80000000E-01
   1444693    0.80000000E-01
internal_tide_friction                                                          
         267
   1433152    0.80000000E-01    0.80000000E-01    0.80000000E-01
   1433158    0.80000000E-01    0.80000000E-01    0.80000000E-01
   1438923    0.80000000E-01    0.80000000E-01    0.80000000E-01
   1438926    0.80000000E-01    0.80000000E-01    0.80000000E-01
   1444688    0.80000000E-01    0.80000000E-01    0.80000000E-01
   1444692    0.80000000E-01    0.80000000E-01    0.80000000E-01
   1444693    0.80000000E-01    0.80000000E-01    0.80000000E-01
   1444696    0.21000000E-04    0.00000000E+00    0.00000000E+00
   1444697    0.30000000E-04    0.20000000E-05    0.60000000E-05
   1450417    0.47000000E-04    0.40000000E-05    0.10000000E-05
   1450450    0.10000000E-04    0.00000000E+00   -0.10000000E-05
   1450451    0.29000000E-04    0.00000000E+00   -0.40000000E-05
   1450452    0.17000000E-04    0.00000000E+00    0.20000000E-05
   1450453    0.34000000E-04    0.10000000E-05    0.60000000E-05
   1450454    0.25000000E-04    0.11000000E-04   -0.70000000E-05
   1450464    0.23000000E-04    0.12000000E-04    0.14000000E-04
   1450465    0.46000000E-04    0.40000000E-05    0.50000000E-05
   1456127    0.33000000E-04    0.13000000E-04   -0.20000000E-04
   1456128    0.42000000E-04    0.90000000E-05   -0.18000000E-04
   1456129    0.55000000E-04    0.40000000E-05   -0.13000000E-04
   1456140    0.35000000E-04    0.24000000E-04   -0.28000000E-04
   1456141    0.52000000E-04    0.70000000E-05   -0.18000000E-04
   1456142    0.11000000E-04    0.28000000E-04    0.15000000E-04
   1456150    0.31000000E-04    0.13000000E-04   -0.19000000E-04
   1456155    0.11000000E-04    0.11000000E-04    0.11000000E-04
   1456157    0.70000000E-05    0.17000000E-04   -0.11000000E-04
   1456160    0.24000000E-04    0.23000000E-04    0.23000000E-04
   1456164    0.38000000E-04    0.10000000E-05   -0.20000000E-05
   1456165    0.44000000E-04    0.60000000E-05   -0.13000000E-04
   1456166    0.43000000E-04    0.10000000E-05    0.40000000E-05
   1456167    0.30000000E-04    0.17000000E-04   -0.15000000E-04
   1456168    0.70000000E-05    0.28000000E-04   -0.60000000E-05
   1456173    0.12000000E-04    0.90000000E-05    0.90000000E-05
   1456177    0.15000000E-04    0.33000000E-04    0.21000000E-04
   1456178    0.21000000E-04    0.30000000E-05    0.50000000E-05
   1456189    0.42000000E-04    0.40000000E-05    0.11000000E-04
   1456190    0.41000000E-04    0.60000000E-05   -0.14000000E-04
   1456191    0.33000000E-04    0.10000000E-05   -0.50000000E-05
   1461761    0.10000000E-05    0.27000000E-04   -0.60000000E-05
   1461762    0.46000000E-04    0.80000000E-05    0.16000000E-04
   1461763    0.49000000E-04    0.80000000E-05   -0.19000000E-04
   1461766    0.14000000E-04    0.36000000E-04    0.22000000E-04
   1461774    0.41000000E-04    0.50000000E-05   -0.13000000E-04
   1461775    0.70000000E-05    0.43000000E-04   -0.60000000E-05
   1461781    0.43000000E-04    0.70000000E-05   -0.60000000E-05
   1461782    0.18000000E-04    0.27000000E-04   -0.22000000E-04
   1461784    0.55000000E-04    0.40000000E-05   -0.14000000E-04
   1461785    0.19000000E-04    0.14000000E-04    0.16000000E-04
   1461786    0.39000000E-04    0.20000000E-04    0.27000000E-04
   1461787    0.21000000E-04    0.32000000E-04   -0.25000000E-04
   1461789    0.31000000E-04    0.27000000E-04   -0.29000000E-04
   1461790    0.80000000E-05    0.22000000E-04   -0.50000000E-05
   1461791    0.43000000E-04    0.20000000E-05   -0.70000000E-05
   1461792    0.10000000E-04    0.33000000E-04    0.30000000E-05
   1461793    0.38000000E-04    0.10000000E-05    0.30000000E-05
   1461795    0.23000000E-04    0.17000000E-04   -0.90000000E-05
   1461796    0.16000000E-04    0.17000000E-04   -0.14000000E-04
   1461798    0.00000000E+00    0.46000000E-04   -0.30000000E-05
   1461801    0.45000000E-04    0.11000000E-04   -0.90000000E-05
   1461803    0.10000000E-04    0.15000000E-04    0.12000000E-04
   1461807    0.30000000E-05    0.21000000E-04    0.70000000E-05
   1461808    0.70000000E-05    0.40000000E-04   -0.16000000E-04
   1461811    0.22000000E-04    0.70000000E-05    0.10000000E-04
   1461812    0.16000000E-04    0.20000000E-05   -0.60000000E-05
   1461818    0.27000000E-04    0.10000000E-04   -0.16000000E-04
   1461819    0.35000000E-04    0.50000000E-05   -0.13000000E-04
   1467283    0.19000000E-04    0.24000000E-04    0.20000000E-04
   1467284    0.13000000E-04    0.39000000E-04   -0.21000000E-04
   1467285    0.50000000E-05    0.11000000E-04   -0.30000000E-05
   1467287    0.21000000E-04    0.23000000E-04    0.18000000E-04
   1467288    0.11000000E-04    0.31000000E-04    0.18000000E-04
   1467293    0.37000000E-04    0.70000000E-05    0.14000000E-04
   1467294    0.49000000E-04    0.20000000E-05   -0.70000000E-05
   1467295    0.32000000E-04    0.12000000E-04   -0.80000000E-05
   1467296    0.60000000E-05    0.44000000E-04   -0.16000000E-04
   1467298    0.11000000E-04    0.10000000E-05    0.30000000E-05
   1467299    0.36000000E-04    0.10000000E-05   -0.40000000E-05
   1467300    0.46000000E-04    0.10000000E-04   -0.19000000E-04
   1467301    0.63000000E-04    0.12000000E-04   -0.26000000E-04
   1467302    0.54000000E-04    0.60000000E-05    0.00000000E+00
   1467303    0.51000000E-04    0.22000000E-04    0.31000000E-04
   1467304    0.35000000E-04    0.15000000E-04   -0.24000000E-04
   1467305    0.35000000E-04    0.35000000E-04   -0.35000000E-04
   1467306    0.27000000E-04    0.12000000E-04    0.14000000E-04
   1467307    0.33000000E-04    0.14000000E-04    0.16000000E-04
   1467308    0.19000000E-04    0.10000000E-05   -0.00000000E+00
   1467309    0.24000000E-04    0.70000000E-05   -0.12000000E-04
   1467310    0.50000000E-05    0.38000000E-04   -0.30000000E-05
   1467311    0.20000000E-05    0.11000000E-04   -0.40000000E-05
   1467312    0.60000000E-05    0.40000000E-04   -0.13000000E-04
   1467313    0.39000000E-04    0.50000000E-05   -0.14000000E-04
   1467314    0.43000000E-04    0.14000000E-04   -0.14000000E-04
   1467315    0.60000000E-04    0.60000000E-05    0.17000000E-04
   1467316    0.20000000E-04    0.27000000E-04    0.18000000E-04
   1467319    0.10000000E-04    0.37000000E-04    0.18000000E-04
   1467320    0.23000000E-04    0.26000000E-04   -0.21000000E-04
   1467322    0.22000000E-04    0.32000000E-04    0.19000000E-04
   1467324    0.32000000E-04    0.40000000E-05   -0.10000000E-04
   1467325    0.22000000E-04    0.31000000E-04   -0.24000000E-04
   1467329    0.60000000E-05    0.27000000E-04   -0.30000000E-05
   1467332    0.37000000E-04    0.12000000E-04   -0.17000000E-04
   1467334    0.18000000E-04    0.10000000E-04   -0.12000000E-04
   1472802    0.20000000E-04    0.10000000E-04    0.13000000E-04
   1472804    0.46000000E-04    0.12000000E-04    0.23000000E-04
   1472805    0.26000000E-04    0.10000000E-04    0.13000000E-04
   1472806    0.10000000E-04    0.60000000E-05    0.80000000E-05
   1472807    0.36000000E-04    0.14000000E-04    0.21000000E-04
   1472811    0.22000000E-04    0.46000000E-04    0.30000000E-04
   1472812    0.15000000E-04    0.20000000E-05   -0.40000000E-05
   1472814    0.51000000E-04    0.13000000E-04   -0.23000000E-04
   1472815    0.49000000E-04    0.90000000E-05    0.19000000E-04
   1472816    0.37000000E-04    0.12000000E-04   -0.20000000E-04
   1472817    0.39000000E-04    0.10000000E-04   -0.20000000E-05
   1472819    0.20000000E-04    0.43000000E-04    0.27000000E-04
   1472820    0.26000000E-04    0.23000000E-04   -0.23000000E-04
   1472823    0.18000000E-04    0.70000000E-05    0.70000000E-05
   1472824    0.27000000E-04    0.13000000E-04    0.12000000E-04
   1472828    0.19000000E-04    0.31000000E-04   -0.90000000E-05
   1472829    0.22000000E-04    0.25000000E-04   -0.11000000E-04
   1472830    0.27000000E-04    0.80000000E-05   -0.20000000E-05
   1472831    0.11000000E-04    0.00000000E+00   -0.20000000E-05
   1472832    0.55000000E-04    0.20000000E-05    0.50000000E-05
   1472833    0.45000000E-04    0.50000000E-05    0.10000000E-05
   1472834    0.45000000E-04    0.10000000E-04    0.20000000E-04
   1472835    0.32000000E-04    0.15000000E-04   -0.20000000E-04
   1472836    0.25000000E-04    0.34000000E-04   -0.23000000E-04
   1478269    0.11000000E-04    0.13000000E-04   -0.10000000E-05
   1478270    0.10000000E-04    0.42000000E-04    0.40000000E-05
   1478271    0.11000000E-04    0.36000000E-04    0.10000000E-05
   1478275    0.31000000E-04    0.22000000E-04   -0.24000000E-04
   1478276    0.18000000E-04    0.30000000E-05    0.60000000E-05
   1478278    0.37000000E-04    0.13000000E-04   -0.20000000E-04
   1478279    0.20000000E-04    0.10000000E-04   -0.14000000E-04
   1478284    0.22000000E-04    0.22000000E-04    0.12000000E-04
   1478285    0.28000000E-04    0.11000000E-04   -0.17000000E-04
   1478286    0.29000000E-04    0.18000000E-04   -0.22000000E-04
   1478287    0.29000000E-04    0.30000000E-05   -0.80000000E-05
   1478288    0.90000000E-05    0.30000000E-04    0.50000000E-05
   1478289    0.26000000E-04    0.21000000E-04   -0.21000000E-04
   1478290    0.35000000E-04    0.50000000E-05    0.50000000E-05
   1478291    0.32000000E-04    0.12000000E-04   -0.17000000E-04
   1478292    0.21000000E-04    0.80000000E-05   -0.50000000E-05
   1478293    0.90000000E-05    0.45000000E-04    0.19000000E-04
   1478294    0.29000000E-04    0.25000000E-04   -0.22000000E-04
   1478300    0.11000000E-04    0.50000000E-05    0.10000000E-05
   1483629    0.42000000E-04    0.70000000E-05    0.10000000E-05
   1483630    0.11000000E-04    0.40000000E-05    0.60000000E-05
   1483632    0.15000000E-04    0.27000000E-04   -0.19000000E-04
   1483633    0.21000000E-04    0.26000000E-04   -0.22000000E-04
   1483634    0.24000000E-04    0.23000000E-04   -0.23000000E-04
   1483635    0.25000000E-04    0.24000000E-04   -0.22000000E-04
   1483636    0.11000000E-04    0.50000000E-05   -0.70000000E-05
   1483637    0.49000000E-04    0.11000000E-04   -0.22000000E-04
   1483638    0.39000000E-04    0.70000000E-05   -0.16000000E-04
   1483645    0.23000000E-04    0.80000000E-05   -0.11000000E-04
   1483646    0.50000000E-05    0.39000000E-04   -0.40000000E-05
   1483647    0.29000000E-04    0.17000000E-04   -0.21000000E-04
   1483648    0.30000000E-04    0.16000000E-04   -0.19000000E-04
   1483649    0.13000000E-04    0.22000000E-04   -0.16000000E-04
   1483650    0.11000000E-04    0.11000000E-04   -0.20000000E-05
   1483651    0.41000000E-04    0.90000000E-05   -0.11000000E-04
   1483657    0.22000000E-04    0.11000000E-04   -0.12000000E-04
   1483658    0.17000000E-04    0.18000000E-04    0.17000000E-04
   1483659    0.70000000E-05    0.20000000E-04    0.70000000E-05
   1488908    0.80000000E-05    0.48000000E-04   -0.19000000E-04
   1488909    0.10000000E-04    0.40000000E-04   -0.19000000E-04
   1488910    0.13000000E-04    0.60000000E-05   -0.90000000E-05
   1488911    0.27000000E-04    0.14000000E-04   -0.20000000E-04
   1488912    0.29000000E-04    0.13000000E-04   -0.18000000E-04
   1488913    0.28000000E-04    0.26000000E-04   -0.26000000E-04
   1488914    0.22000000E-04    0.20000000E-04   -0.20000000E-04
   1488915    0.20000000E-04    0.50000000E-05   -0.90000000E-05
   1488922    0.19000000E-04    0.10000000E-04   -0.11000000E-04
   1488923    0.12000000E-04    0.21000000E-04   -0.14000000E-04
   1488924    0.19000000E-04    0.16000000E-04   -0.17000000E-04
   1488927    0.12000000E-04    0.42000000E-04   -0.21000000E-04
   1488934    0.23000000E-04    0.21000000E-04    0.12000000E-04
   1488935    0.14000000E-04    0.26000000E-04    0.12000000E-04
   1488936    0.20000000E-04    0.12000000E-04   -0.14000000E-04
   1494083    0.30000000E-04    0.30000000E-05   -0.10000000E-04
   1494084    0.41000000E-04    0.18000000E-04    0.26000000E-04
   1494088    0.80000000E-05    0.21000000E-04   -0.10000000E-04
   1494093    0.20000000E-05    0.15000000E-04   -0.10000000E-05
   1494098    0.50000000E-05    0.36000000E-04   -0.12000000E-04
   1494099    0.22000000E-04    0.27000000E-04   -0.24000000E-04
   1494100    0.22000000E-04    0.18000000E-04   -0.20000000E-04
   1494106    0.18000000E-04    0.18000000E-04   -0.17000000E-04
   1499200    0.33000000E-04    0.21000000E-04   -0.10000000E-04
   1499201    0.35000000E-04    0.47000000E-04   -0.27000000E-04
   1499205    0.32000000E-04    0.15000000E-04   -0.20000000E-04
   1499206    0.50000000E-04    0.30000000E-05   -0.11000000E-04
   1499209    0.17000000E-04    0.36000000E-04   -0.22000000E-04
   1499214    0.14000000E-04    0.27000000E-04   -0.16000000E-04
   1499215    0.20000000E-05    0.10000000E-04    0.00000000E+00
   1504206    0.60000000E-05    0.42000000E-04    0.10000000E-05
   1504208    0.23000000E-04    0.40000000E-04   -0.80000000E-05
   1504211    0.26000000E-04    0.12000000E-04   -0.18000000E-04
   1504214    0.27000000E-04    0.16000000E-04   -0.19000000E-04
   1504215    0.44000000E-04    0.50000000E-05   -0.13000000E-04
   1504218    0.14000000E-04    0.29000000E-04    0.00000000E+00
   1504219    0.19000000E-04    0.18000000E-04   -0.18000000E-04
   1509058    0.16000000E-04    0.18000000E-04   -0.16000000E-04
   1509060    0.89000000E-04    0.21000000E-04   -0.35000000E-04
   1509061    0.22000000E-04    0.15000000E-04   -0.18000000E-04
   1509062    0.14000000E-04    0.80000000E-05   -0.70000000E-05
   1509068    0.40000000E-05    0.45000000E-04   -0.13000000E-04
   1509071    0.70000000E-05    0.27000000E-04    0.40000000E-05
   1509072    0.46000000E-04    0.90000000E-05   -0.20000000E-04
   1509073    0.14000000E-04    0.00000000E+00   -0.30000000E-05
   1513717    0.60000000E-04    0.90000000E-05   -0.11000000E-04
   1513719    0.57000000E-04    0.70000000E-05   -0.20000000E-05
   1513720    0.20000000E-04    0.50000000E-05   -0.30000000E-05
   1513721    0.13000000E-04    0.10000000E-05   -0.40000000E-05
   1513722    0.44000000E-04    0.50000000E-05   -0.15000000E-04
   1513723    0.17000000E-04    0.20000000E-05   -0.50000000E-05
   1513725    0.28000000E-04    0.17000000E-04   -0.21000000E-04
   1513728    0.15000000E-04    0.39000000E-04   -0.21000000E-04
   1513729    0.12000000E-04    0.35000000E-04   -0.16000000E-04
   1513730    0.22000000E-04    0.30000000E-04   -0.25000000E-04
   1513732    0.10000000E-04    0.20000000E-04   -0.14000000E-04
   1513733    0.29000000E-04    0.90000000E-05   -0.14000000E-04
   1518201    0.78000000E-04    0.21000000E-04   -0.40000000E-04
   1518202    0.36000000E-04    0.17000000E-04    0.21000000E-04
   1518203    0.13000000E-04    0.50000000E-05   -0.10000000E-05
   1518205    0.40000000E-04    0.80000000E-05    0.17000000E-04
   1518207    0.24000000E-04    0.21000000E-04   -0.21000000E-04
   1518208    0.37000000E-04    0.16000000E-04    0.20000000E-04
   1518209    0.90000000E-05    0.37000000E-04    0.15000000E-04
   1518210    0.16000000E-04    0.29000000E-04    0.50000000E-05
   1518211    0.10000000E-04    0.50000000E-05   -0.60000000E-05
   1518213    0.33000000E-04    0.50000000E-05   -0.70000000E-05
   1522400    0.60000000E-05    0.14000000E-04   -0.90000000E-05
   1522432    0.60000000E-04    0.27000000E-04   -0.40000000E-04
   1522437    0.13000000E-04    0.40000000E-04    0.21000000E-04
   1522438    0.40000000E-05    0.15000000E-04    0.60000000E-05
   1522439    0.19000000E-04    0.12000000E-04   -0.14000000E-04
   1522440    0.27000000E-04    0.18000000E-04   -0.21000000E-04
   1522441    0.16000000E-04    0.40000000E-05    0.80000000E-05
   1526402    0.11000000E-04    0.39000000E-04   -0.18000000E-04
   1526428    0.22000000E-04    0.50000000E-05   -0.10000000E-04
   1526429    0.53000000E-04    0.28000000E-04   -0.38000000E-04
   1526430    0.43000000E-04    0.22000000E-04    0.10000000E-05
   1526432    0.41000000E-04    0.14000000E-04   -0.18000000E-04
   1526433    0.19000000E-04    0.32000000E-04   -0.15000000E-04
   1526434    0.40000000E-04    0.40000000E-05   -0.12000000E-04
   1530186    0.17000000E-04    0.17000000E-04   -0.16000000E-04
   1530189    0.42000000E-04    0.40000000E-05   -0.12000000E-04
   1533711    0.40000000E-05    0.11000000E-04    0.70000000E-05
   1533726    0.13000000E-04    0.20000000E-05   -0.30000000E-05
   1533728    0.32000000E-04    0.80000000E-05   -0.10000000E-04
   1533729    0.20000000E-04    0.40000000E-05   -0.90000000E-05
   1533730    0.60000000E-05    0.40000000E-04    0.60000000E-05
   1537012    0.19000000E-04    0.25000000E-04   -0.21000000E-04
   1537022    0.18000000E-04    0.50000000E-05   -0.80000000E-05
   1537024    0.28000000E-04    0.20000000E-05    0.60000000E-05
   1537027    0.43000000E-04    0.70000000E-05   -0.10000000E-04
   1540119    0.22000000E-04    0.60000000E-05   -0.11000000E-04
   1540128    0.38000000E-04    0.11000000E-04    0.17000000E-04
   1543047    0.15000000E-04    0.20000000E-05   -0.60000000E-05
   1543051    0.39000000E-04    0.60000000E-05   -0.15000000E-04
   1545842    0.51000000E-04    0.30000000E-05   -0.30000000E-05
   1545844    0.39000000E-04    0.12000000E-04   -0.21000000E-04
   1548565    0.41000000E-04    0.60000000E-05   -0.10000000E-04
   1548567    0.19000000E-04    0.70000000E-05   -0.12000000E-04
   1548569    0.14000000E-04    0.30000000E-05    0.50000000E-05
   1551244    0.21000000E-04    0.30000000E-05   -0.30000000E-05
   1551248    0.38000000E-04    0.50000000E-05    0.10000000E-04
subgrid_barrier                                                                 
           7
   1433152    0.80000000E-01
   1433158    0.80000000E-01
   1438923    0.80000000E-01
   1438926    0.80000000E-01
   1444688    0.80000000E-01
   1444692    0.80000000E-01
   1444693    0.80000000E-01
